$ANSIBLE_VAULT;1.1;AES256
33616533326132393432383865623031353533353934386361303638376630316534373833326134
3033646335323339643866663761343130653563613439320a326434613239313063396164613737
38353066653139396531663765326166383166353536313334623230306333633464333561303664
3631656139356365310a313261626438393263333266666265616661616630313364376439653939
38333534383262626162383636636134323939643163333131396562663764363438336233326266
61343466323531666438616565643134623933306165613836623033356132616263373862653633
31663133306534393166656134353566333366353636616537303062383534383664313066336637
39613432386366323662653838353831313937383563623438303364663462343861346536326662
65623563303631323964353232666133303865306131343138646539316433613166393239613862
35653662666134633261313265646339353264663632383865316139623233313334316566383336
31303064306664643334396339373663393836663763366666323934323239653163616564643131
39666238623136343736653966373536353761346261383663333932313938653730373661323832
38646335366230616365333430633232316136666231316231643631373366636435653032626330
3164353235386635366432333132356532636235626331623131
