$ANSIBLE_VAULT;1.1;AES256
62373764633138346363623038306631346433386365636230663732303238393864383931613834
6161653464656230643261613237316664366230376434660a633737616663383963333832636439
64303939353137393334633361636365333530616261656166303230366338666566323131356463
3531616530313261390a363962393435633534393532626261343535323338343630663763343463
64326566353663643132376366623934363438383336366365636632616236333664333738616461
64393065323633313266633534643664643463326437313133643764356532323332346130623631
38343031616438333564316434366337653665326139343765623761326635313764663462346238
31616166343330366137613236366336376433363033306335333663323135383263346664636432
38623162326434356536623636653534353136303238633531373166393265353733326438356236
65393264643561383661623631626138613164396166666431326664343566383163376339623437
33383366383434656665333165633431376135653539656230316261343563646431303637313836
62646437613132393665353966396336653365313130383030613837386663396633613239663865
39313530396261373665663632353637623864313964313762653665663435363532346635353131
31356436323232333765306434363431396235306532306139303836356664663261393032373864
37646665386333336434613631336364636137626135663964343031633964323636643961323536
38373162646331666438353331366137616362346366336134326632636137316361323232646263
66343939626133393536333066323166336138613164643563626331363764326365666335633133
62613837623136363466393662336334656533303161393564333835313539643062623337353837
63376164653263386463333166346366326438343766383662363064353462306239666333306462
65303765653233386136643634303735303961323130333635393162633761343261336638366566
35303466316262356566376266383131396638303934316138643165643033323165363731643461
65353639393936623165613733353437323339313363343363663532343464393836313930303832
663733343338346632336133376661346530
