$ANSIBLE_VAULT;1.1;AES256
31303930386538346438333235393665346633366430343864346331323262313962313462303234
3837336563616231323962346637363561396361613338310a333333353239343564613335653562
33376362666632356665643731353335343934643139343264643631363730623738363033363537
6436373664356234340a323661633537616238333536626662343461643762653438393634343833
33616563313533663939643533623937653434383861613235353733343066623264316661643339
36626339613535396661666331363239646435646161623264356432303331653939613162363938
31353436353831346663303331636565306436393838393031393934653566643733636337353464
39356430366365646234613330633935303066643330643864333935663564646532396638306633
35633365666339626237343762333339316632326235326633616564666162633866663338656662
61396466386234623631376166646530393237616165663466383364623335316364666339303837
32613833316530663066376230356266383733653935653332386137633235336436353834336236
38356562316536663631313565626665306462313864643465353435663835306134366366633936
65613465353930613565666536623335323438636266646438636631373737383032383136356331
33623564363934643261373131613433623637303133353133663437346164363638373864316233
62383437633533373033626332353334383830343230313165356137623635386464356638313762
33656261376531326266303563316439343462346432666431633637663535643736643766643234
30393035636337383933646162613235353336623762383238666165363736646162353163643439
66363766616432646532643937333431393566336336303863623062653439636136643132323866
39356565636433313034643538356430636365616335313139663337653839366438633766336563
37303061366232306632393837376463306663336234666430323437326461303961343465363563
39323234636333363163653466623531376466626339383735366537376163643832343932313534
33346531363565653761653239336364653834663837363437336562346537353264313666396438
37626465383839366231343535336130393838396438396237303133353735653134353634353238
38383561343531393863
