$ANSIBLE_VAULT;1.1;AES256
36633736366535343865663562666637366436633235333130653763663233353534386666636438
6135303935306563626362666366663962303533356166640a653834646234303965333161616639
36383034633230623161663265333337356261666361313030386262343965333435343265643761
3036663331326362300a363564623935396665646431363162303139656133616562623035613431
37333336613736353263366465633032393735303661643037333431643034306265306464613031
33646266393535613633376661336164333132323337323061386332663530636331613231613134
37613861363665626334373130633461646664613362636134366632316365666461306461623732
39613664656431396462366637626564373932383939626464396465303533616330386539333461
62656262363065383132393265376565633163373064653939383363316134623036633938366237
32313431366632633162353136323435373439386332366166343665363661383334323739373038
64663262333465373966626161373734353262333232323863643161626534626265303563346161
62363462323466343733383630376664666163613133303562353436343661373363643137343736
33616131313336663365346635323761656464653634333962316237626464393830
