$ANSIBLE_VAULT;1.1;AES256
34633961323461376137633334303565396236383130356663386161663461653462333232666239
3262316239626265656630363130383335653531303437640a396132616330306334336538326335
63363439636235333563393662333538663664333030313765393566316532316132363736333366
6664323439303562390a373137393235363762633535383338646236366531383039303965393565
31373966663435613464353166346133653933393462343964663463313861386436363539656130
66396534373266616435626533616263356535633964373663396234333735343036653430656338
63653739663139303632613532646564633238653931383537373932616634353964386333663763
31666531353330643164613834656463383361333039396163653336343365376437656332623661
65376461626262303431373666613162623664303664343930643934633961663838363766326661
37623964363962383765306231653161346231616665353462636134636434636631623131393539
31616236343537613131613866653565316361303631363836633331393064316566323533653634
31636436323538353835323536636561393038383063303136376663633333396564306135343566
33633035633666366438313734323938633938356335356432303863343236373635336233383135
37386531646237383634616462386233383935613736393336643135363562303461623336333263
61666433393066656235663936663135656239316636653339623230346630303231626334376464
66343732376364313663363966336466643630613062636133636637343066343532306139313638
33373937346134623064366630343837383631633766636237336436636230333765396265396236
34643230386165386436393330356135396237653331356332643333646535666635636364356262
62313238393334663362303838343237313737623936633631303063666432383834633931313532
34353961336461316438626335303431343436346639353364353637636164356566633733366530
32656439333265356363623732653161613166343465373136383035633835346235323363336330
39356338393938656431623734376139383536316637303133383638653030653433313837373332
61633936383465333863313638363438336339666237313963663962336337386435636435616333
32643235316664653461633833623131396637316235376130313738306539656464323361366461
39333834373464373137623263346230643639666565313633623836663532386362313938376266
35666234643435633261313765323234666466313863313962326565366332316332656262353635
62626163303066303965633833366265666562303661373530343965623234356263383139613832
30633433343333343564
