$ANSIBLE_VAULT;1.1;AES256
37663564636330363133353930663732636334303136336361306362396334613935333765383635
3662646533393639316333646565643265306539633166300a383039656365356534326663363463
30373536373636343334646230346135646463656465383539613133623164666138643763626439
6334353130303366630a383930663737646463636239333961323137316163333937393361623131
31303339623637663435643339653833376435323033653439636234393366393234313365313765
36623462313863643730613430343666643537326463343962313137663963343230386363303330
39333961306165363565643461363561666662636564393334343933346161376433303033303736
34386535653161616464653435316162306339663438633038626437613261343664386337346364
35666130383334356534653133663338303562663461366363363263306238333335313930636561
35326162373030363635616137366331396138626637313037646237313033333132326439366631
61343864633233363739333966326361336239313635656165643362366237313132356138303833
63316338383138393431636333306635353738316461386135313039313330346561613762373065
62616430396437623639343836396262303334623861323930623037646136393165376561386662
66666530396665316163393434386163353130646332316364383165363563623064633436326663
64353932643061396336326131336139656165646666336562366330303666396334353231343938
61613161663137383962336661333236323761653366613039316636653563376438336236313265
63386137653664316634303164666435633362373662613731646461653364393266346136383238
63336461356465376661306634316133393237326666666536626238666563653463313361373865
613563636133646433326561616235383366
