$ANSIBLE_VAULT;1.1;AES256
39636239386439326436396165666662313733306536643638333734353832613035373233336165
6432343730363761326662636135333466306663373335340a326364353638663465336135663438
36313539663564333861373461663464643234336333346235366266633566613139393437363364
3334356339656663660a333036393562326534383037633861373735633239356337366438623537
61633939306235663165313831333639306430663062353036306266646137663333633730656235
37393065623931366537353661336265373266343330623335393735326538386532346666356236
62366238353261663133303666653939386434646530623665393734666337356638383464346232
31313930623465333330356231333837643138363164636638303339396335313763333862663930
64373736613839353135366532346533306663313338633264353536643761343862613036643763
31333062356562336564373734616434663138646638643362383362326232636562356631666663
65656136313935376239626132326236313036663434663463663035626536373866336631323630
62663939313637393762373265356239663839326333623164623962346134623539326533393861
3834
